--- Amperian-loop magnetization fit ---
geometry: R=5.000000e-03 m, L=1.000000e-02 m
n_observations: 107
weighted: False

      z        F          I_s    F_fit  residual
0.00400 4.438633 1.000913e-11 5.007884 -0.569251
0.00425 4.268527 9.345563e-12 4.675878 -0.407351
0.00450 4.120298 8.735339e-12 4.370564 -0.250266
0.00475 3.959610 8.173341e-12 4.089379 -0.129768
0.00500 3.767923 7.655044e-12 3.830058 -0.062135
0.00525 3.593599 7.176431e-12 3.590594  0.003006
0.00550 3.417902 6.733928e-12 3.369195  0.048707
0.00575 3.250642 6.324337e-12 3.164264  0.086377
0.00600 3.086913 5.944796e-12 2.974368  0.112545
0.00625 2.934956 5.592729e-12 2.798218  0.136738
0.00650 2.784274 5.265819e-12 2.634654  0.149620
0.00675 2.646149 4.961972e-12 2.482630  0.163519
0.00700 2.513420 4.679297e-12 2.341199  0.172221
0.00725 2.385890 4.416078e-12 2.209502  0.176388
0.00750 2.179488 4.170759e-12 2.086762  0.092726
0.00775 2.084625 3.941927e-12 1.972270  0.112355
0.00800 1.985838 3.728294e-12 1.865382  0.120456
0.00825 1.892643 3.528688e-12 1.765513  0.127130
0.00850 1.800724 3.342038e-12 1.672126  0.128597
0.00875 1.714199 3.167367e-12 1.584733  0.129467
0.00900 1.630030 3.003780e-12 1.502885  0.127144
0.00925 1.552433 2.850461e-12 1.426175  0.126258
0.00950 1.477484 2.706658e-12 1.354226  0.123258
0.00975 1.409207 2.571684e-12 1.286694  0.122513
0.01000 1.340340 2.444907e-12 1.223264  0.117077
0.01025 1.275300 2.325747e-12 1.163644  0.111656
0.01050 1.215753 2.213670e-12 1.107568  0.108185
0.01075 1.159444 2.108184e-12 1.054791  0.104653
0.01100 1.105391 2.008837e-12 1.005084  0.100307
0.01125 1.054869 1.915212e-12 0.958240  0.096629
0.01150 1.007487 1.826922e-12 0.914066  0.093421
0.01175 0.962165 1.743612e-12 0.872384  0.089781
0.01200 0.919295 1.664954e-12 0.833028  0.086267
0.01225 0.878878 1.590642e-12 0.795848  0.083030
0.01250 0.840423 1.520395e-12 0.760701  0.079721
0.01275 0.804322 1.453953e-12 0.727458  0.076863
0.01300 0.769889 1.391074e-12 0.695998  0.073891
0.01325 0.737123 1.331533e-12 0.666208  0.070916
0.01350 0.706320 1.275122e-12 0.637983  0.068337
0.01375 0.677086 1.221647e-12 0.611228  0.065858
0.01400 0.649422 1.170929e-12 0.585853  0.063569
0.01425 0.623229 1.122801e-12 0.561772  0.061457
0.01450 0.598410 1.077106e-12 0.538910  0.059500
0.01475 0.574964 1.033701e-12 0.517193  0.057771
0.01500 0.552401 9.924490e-13 0.496553  0.055848
0.01525 0.531113 9.532250e-13 0.476928  0.054185
0.01550 0.510610 9.159113e-13 0.458259  0.052351
0.01575 0.490500 8.803979e-13 0.440491  0.050009
0.01600 0.472842 8.465825e-13 0.423572  0.049270
0.01625 0.455282 8.143690e-13 0.407454  0.047828
0.01650 0.438213 7.836680e-13 0.392094  0.046119
0.01675 0.421928 7.543953e-13 0.377448  0.044480
0.01700 0.406624 7.264726e-13 0.363477  0.043147
0.01725 0.392106 6.998262e-13 0.350145  0.041961
0.01750 0.377685 6.743869e-13 0.337417  0.040268
0.01775 0.364245 6.500903e-13 0.325261  0.038985
0.01800 0.351885 6.268754e-13 0.313645  0.038239
0.01825 0.339720 6.046853e-13 0.302543  0.037177
0.01850 0.327948 5.834663e-13 0.291926  0.036022
0.01875 0.316765 5.631682e-13 0.281771  0.034994
0.01900 0.305974 5.437435e-13 0.272052  0.033922
0.01925 0.295673 5.251477e-13 0.262748  0.032926
0.01950 0.285961 5.073389e-13 0.253838  0.032124
0.01975 0.276446 4.902776e-13 0.245301  0.031145
0.02000 0.267519 4.739266e-13 0.237120  0.030398
0.02025 0.259671 4.582507e-13 0.229277  0.030394
0.02025 0.259082 4.582507e-13 0.229277  0.029805
0.02050 0.250744 4.432169e-13 0.221755  0.028988
0.02050 0.251528 4.432169e-13 0.221755  0.029773
0.02075 0.243975 4.287939e-13 0.214539  0.029436
0.02100 0.236421 4.149524e-13 0.207614  0.028807
0.02125 0.228671 4.016644e-13 0.200965  0.027706
0.02150 0.221706 3.889037e-13 0.194581  0.027125
0.02175 0.215035 3.766454e-13 0.188447  0.026588
0.02200 0.208561 3.648660e-13 0.182554  0.026007
0.02225 0.202184 3.535433e-13 0.176889  0.025295
0.02250 0.195906 3.426562e-13 0.171442  0.024464
0.02275 0.189824 3.321849e-13 0.166203  0.023621
0.02300 0.184232 3.221104e-13 0.161162  0.023070
0.02325 0.179033 3.124148e-13 0.156311  0.022722
0.02350 0.173735 3.030812e-13 0.151641  0.022094
0.02375 0.168928 2.940936e-13 0.147144  0.021784
0.02400 0.164318 2.854366e-13 0.142813  0.021505
0.02425 0.159511 2.770958e-13 0.138640  0.020871
0.02450 0.155096 2.690575e-13 0.134618  0.020478
0.02475 0.150780 2.613085e-13 0.130741  0.020039
0.02500 0.146856 2.538366e-13 0.127002  0.019853
0.02525 0.142441 2.466299e-13 0.123397  0.019045
0.02550 0.138615 2.396771e-13 0.119918  0.018697
0.02575 0.135084 2.329677e-13 0.116561  0.018523
0.02600 0.131846 2.264916e-13 0.113321  0.018526
0.02625 0.128217 2.202389e-13 0.110192  0.018024
0.02650 0.124881 2.142006e-13 0.107171  0.017710
0.02675 0.121546 2.083680e-13 0.104253  0.017293
0.02700 0.118407 2.027326e-13 0.101433  0.016973
0.02725 0.115562 1.972865e-13 0.098709  0.016853
0.02750 0.112619 1.920221e-13 0.096075  0.016544
0.02775 0.109676 1.869322e-13 0.093528  0.016148
0.02800 0.106733 1.820100e-13 0.091065  0.015667
0.02825 0.104575 1.772488e-13 0.088683  0.015891
0.02850 0.101632 1.726423e-13 0.086378  0.015253
0.02875 0.098983 1.681847e-13 0.084148  0.014835
0.02900 0.096432 1.638700e-13 0.081989  0.014443
0.02925 0.094667 1.596929e-13 0.079899  0.014767
0.02950 0.091920 1.556482e-13 0.077876  0.014044
0.02975 0.089761 1.517307e-13 0.075916  0.013846
0.03000 0.087211 1.479359e-13 0.074017  0.013194

--- Summary ---
theta_hat (M^2) = 5.003314e+11
SE(theta_hat)   = 3.416413e+09
M_hat           = 7.073410e+05 A/m
SE(M_hat)       = 2.414969e+03 A/m
sigma_hat       = 1.006845e-01 N
R^2 (about zero)= 0.995082
